g6:&CW?O:
[1,2,3,4]
g6:&CW?_:
[1,2,3,5]
g6:&CW?O:
[1,2,3,6]
g6:&CW?_:
[1,2,3,7]
g6:&C[??:
[1,2,3,9]
g6:&COC_:
[1,2,4,5]
g6:&COCW:
[1,2,4,6]
g6:&COC_:
[1,2,4,7]
g6:&CSC?:
[1,2,4,9]
g6:&COGO:
[1,2,5,6]
g6:&COH_:
[1,2,5,7]
g6:&COH?:
[1,2,5,8]
g6:&CSG?:
[1,2,5,9]
g6:&COD_:
[1,2,6,7]
g6:&CSC?:
[1,2,6,9]
g6:&CSG?:
[1,2,7,9]
g6:&COH_:
[1,3,5,7]
g6:&COH?:
[1,3,5,8]
g6:&CSG?:
[1,3,5,9]
g6:&COGG:
[1,3,7,6]
g6:&CSG?:
[1,3,7,9]
g6:&CAgG:
[1,5,7,6]
g6:&CAw?:
[1,5,7,8]
g6:&CEg?:
[1,5,7,9]
g6:&CE_?:
[1,5,8,9]
g6:&CAD?:
[1,7,6,4]
g6:&CEC?:
[1,7,6,9]
g6:&CAL?:
[2,4,6,7]
g6:&CA_G:
[2,6,7,5]
g6:&CA_G:
[4,6,7,5]
g6:&CSC?:
[5,7,6,8]
