&CAGO
[1,52,67,24]
&C?gW
[1,52,67,100]
&CAGO
[1,52,67,9]
&C?Cg
[1,52,67,5]
&C?@o
[1,52,67,66]
&C?@o
[1,52,67,92]
&CACo
[1,52,100,9]
&C?Gw
[1,52,100,5]
&C?gW
[1,52,100,66]
&C?gW
[1,52,100,92]
&C?Cg
[1,52,5,66]
&C?Cg
[1,52,5,92]
&C?@o
[1,52,66,92]
&C?Go
[1,100,9,67]
&C?Go
[1,100,9,24]
&C?Go
[1,100,9,5]
&CAGO
[52,67,24,100]
&CAGo
[52,67,24,9]
&C?Go
[52,67,24,66]
&C?Go
[52,67,24,92]
&C?go
[52,67,100,9]
&C?@o
[52,67,100,66]
&C?@o
[52,67,100,92]
&C?Go
[52,67,9,66]
&C?Go
[52,67,9,92]
&C??w
[52,67,66,92]
&C?Cg
[52,100,9,24]
&C?gO
[52,100,9,66]
&C?gO
[52,100,9,92]
&C?@o
[52,100,66,92]
&C?Gw
[67,24,9,100]
